$ANSIBLE_VAULT;1.1;AES256
63363737336235643936633032636361333536656135353364653366653532373734366332353639
3734363535353338313464623937386436376232656266350a306234393432633136316563313562
65353537346637616535366630303337643064343438303465306333363566393663633838336335
6632393835316636340a633562663261663832383261323466653639666239616430373232386535
61316131353435633739316362643965336138613431336138363432636432323831356261376363
39326366346136653331643433333664386463373030323533336430623531623536326363333961
34386532626232366433306461386338616461343335633063393934663064386331363831666231
32306436383531653337306335343533306431386531313639306537313338313531383362333231
66356430633235373263666430393831353932663636633439376264383261653339396265393333
36363466363031343664336532656335386435653135636137613762326633306534643130666438
64376333626335613665643330643033663530363730306236393765633230626539336636376663
65613532323139386266346535363530393133313962623732373766363637643036303839323463
66373130376466623233376463623236373863633136656231383634323532643665663538656263
3033303233653532393334626434636632316234393161343962
